accelerometer_matrix:
  rows: 3
  cols: 3
  data: [19279035377207198, -12929994592424156, 35836532775766198, -12929994592424156, 47860509716900689, -30041732423064972, 35836532775766209, -30041732423065003, 5771823466502361]
accelerometer_bias:
  rows: 1
  cols: 3
  data: [4.165421, 1.471843, -0.129540]
